%YAML:1.0
---
model_type: MEI
camera_name: camera
image_width: 1280
image_height: 1024
mirror_parameters:
   xi: 2.924681187183309
distortion_parameters:
   k1: 0.2751486489350349
   k2: 2.0845821948551078
   p1: -0.0008566408727593186
   p2: -0.0026072803826776877
projection_parameters:
   gamma1: 1627.1173914612975
   gamma2: 1626.4526851121177
   u0: 635.3255571418765
   v0: 503.8675882483815

#distortion_coeffs: [0.2751486489350349, 2.0845821948551078, -0.0008566408727593186,
#    -0.0026072803826776877]
#  distortion_model: radtan
#  intrinsics: [2.924681187183309, 1627.1173914612975, 1626.4526851121177, 635.3255571418765,
#    503.8675882483815]
#  resolution: [1280, 1024]
