%YAML:1.0
---
model_type: MEI
camera_name: camera
image_width: 1280
image_height: 1024
mirror_parameters:
   xi: 10.88645528860108
distortion_parameters:
   k1: 3.0624670978986166
   k2: -841.4857450092936
   p1: -0.004630354893992098
   p2: -0.005817754652491922
projection_parameters:
   gamma1: 8408.204674635967
   gamma2: 8402.435807430558
   u0: 615.6185109455307
   v0: 491.2607656275774

#distortion_coeffs: [3.0624670978986166, -841.4857450092936, -0.004630354893992098,
#    -0.005817754652491922]
#  distortion_model: radtan
#  intrinsics: [10.88645528860108, 8408.204674635967, 8402.435807430558, 615.6185109455307,
#    491.2607656275774]
